{
    "xData": [1, 2, 3, 4, 5],
    "yData": [
      {
        "name": "boxplot1",
        "list": [
          [655, 850, 940, 980, 1070],
          [760, 800, 845, 885, 960],
          [780, 840, 855, 880, 940],
          [720, 767.5, 815, 865, 920],
          [740, 807.5, 810, 870, 950]
        ]
      },
      {
        "name": "boxplot2",
        "list": [
          [740, 807.5, 810, 870, 950],
          [655, 850, 940, 980, 1070],
          [760, 800, 845, 885, 960],
          [780, 840, 855, 880, 940],
          [720, 767.5, 815, 865, 920]
        ]
      }
    ]
}